SORT BY NAME:
Chavez Maria G.=>Chavez Maria G. 444-555-6666 22223
Fried Harry I.=>Fried Harry I. 123-45-6789 22221
Smith John A.=>Smith John A. 111-22-3333 22222

SORT BY SOCIAL SECURITY NUMBER:
111-22-3333=>Smith John A. 111-22-3333 22222
123-45-6789=>Fried Harry I. 123-45-6789 22221
444-555-6666=>Chavez Maria G. 444-555-6666 22223

SORT BY ZIP CODE:
22221=>Fried Harry I. 123-45-6789 22221
22222=>Smith John A. 111-22-3333 22222
22223=>Chavez Maria G. 444-555-6666 22223
